Atom	X	Y	Z
C	0.0004620	0.6068330	-0.5802850
C	-0.0004620	-0.6068330	-0.5802850
C	0.0004620	2.0764130	-0.5523280
C	-0.0004620	-2.0764130	-0.5523280
C	0.0004620	2.6304570	0.8786600
C	-0.0004620	-2.6304570	0.8786600
H	0.8773170	2.4440010	-1.0926090
H	-0.8763940	2.4440010	-1.0926090
H	-0.8773170	-2.4440010	-1.0926090
H	0.8763940	-2.4440010	-1.0926090
H	0.0004620	3.7221710	0.8663450
H	-0.8825330	2.2892600	1.4212960
H	0.8834560	2.2892600	1.4212960
H	-0.0004620	-3.7221710	0.8663450
H	0.8825330	-2.2892600	1.4212960
H	-0.8834560	-2.2892600	1.4212960
