Atom	X	Y	Z
O	0.0000000	0.0000000	1.2832470
C	0.0000000	0.0000000	0.0663660
C	0.0000000	1.2908730	-0.7373490
C	0.0000000	-1.2908730	-0.7373490
C	0.0000000	2.5401000	0.1352930
C	0.0000000	-2.5401000	0.1352930
H	0.8722030	1.2688780	-1.4004380
H	-0.8722030	1.2688780	-1.4004380
H	-0.8722030	-1.2688780	-1.4004380
H	0.8722030	-1.2688780	-1.4004380
H	0.0000000	3.4406640	-0.4808910
H	-0.8785110	2.5590730	0.7810080
H	0.8785110	2.5590730	0.7810080
H	0.0000000	-3.4406640	-0.4808910
H	0.8785110	-2.5590730	0.7810080
H	-0.8785110	-2.5590730	0.7810080
