Atom	X	Y	Z
C	0.0000000	0.0000000	0.1482420
C	0.7519740	0.0000000	-1.1494450
C	-0.7519740	0.0000000	-1.1494450
C	0.0000000	1.2727880	0.9670260
C	0.0000000	-1.2727880	0.9670260
H	1.2562440	0.9024750	-1.4458290
H	1.2562440	-0.9024750	-1.4458290
H	-1.2562440	-0.9024750	-1.4458290
H	-1.2562440	0.9024750	-1.4458290
H	-0.8775160	1.3237010	1.6045550
H	-0.8775160	-1.3237010	1.6045550
H	0.8775160	-1.3237010	1.6045550
H	0.8775160	1.3237010	1.6045550
H	0.0000000	2.1517760	0.3323340
H	0.0000000	-2.1517760	0.3323340
